<?xml version="1.0" encoding="UTF-8" standalone="no" ?>
<COLLADA xmlns="http://www.collada.org/2005/11/COLLADASchema" version="1.4.1">
    <asset>
        <contributor>
            <authoring_tool>SketchUp 15.3.331</authoring_tool>
        </contributor>
        <created>2015-10-29T08:01:01Z</created>
        <modified>2015-10-29T08:01:01Z</modified>
        <unit meter="0.0254" name="inch" />
        <up_axis>Z_UP</up_axis>
    </asset>
    <library_visual_scenes>
        <visual_scene id="ID1">
            <node name="SketchUp">
                <node id="ID2" name="instance_0">
                    <matrix>1 0 0 2.090912 0 1 0 722.9467 0 0 1 137.6742 0 0 0 1</matrix>
                    <instance_node url="#ID3" />
                </node>
                <node id="ID16" name="instance_1">
                    <matrix>1 0 0 4.168968 0 1 0 725.0247 0 0 1 202.7923 0 0 0 1</matrix>
                    <instance_node url="#ID17" />
                </node>
                <node id="ID24" name="instance_2">
                    <matrix>1 0 0 6.247024 0 1 0 727.1028 0 0 1.2322 267.9104 0 0 0 1</matrix>
                    <instance_node url="#ID25" />
                </node>
                <node id="ID32" name="instance_3">
                    <matrix>1 0 0 8.32508 0 1 0 729.1808 0 0 1 348.1489 0 0 0 1</matrix>
                    <instance_node url="#ID33" />
                </node>
                <node id="ID105" name="instance_10">
                    <matrix>0.5048594 -0.8487101 0.157506 21.76972 0.833639 0.5267278 0.1661441 718.4428 -0.2239709 0.0474238 0.9734413 72.43213 0 0 0 1</matrix>
                    <instance_node url="#ID106" />
                </node>
                <node id="ID131" name="instance_33">
                    <matrix>0.5479098 0.6460731 -0.5313986 8.204313 -0.7626683 0.6467898 3.122502e-017 729.4127 0.3437032 0.4052809 0.8471219 243.2986 0 0 0 1</matrix>
                    <instance_node url="#ID118" />
                </node>
                <node id="ID132" name="instance_34">
                    <matrix>-0.9870403 0.07266736 -0.1430765 13.17598 0.07067631 0.9973192 0.01895621 712.5659 -0.1440704 -0.008598421 0.9895301 56.51217 0 0 0 1</matrix>
                    <instance_node url="#ID133" />
                </node>
                <node id="ID243" name="instance_35">
                    <matrix>-0.5595147 -0.8111649 -0.1701611 23.89518 0.8251086 -0.564552 -0.02183611 736.8261 -0.07835209 -0.152619 0.9851743 100.3873 0 0 0 1</matrix>
                    <instance_node url="#ID106" />
                </node>
                <node id="ID244" name="instance_36">
                    <matrix>0.8794972 -0.4297752 0.2043963 10.20861 -0.4337788 -0.9006098 -0.02716572 746.6584 -0.1957565 0.0647706 0.9785112 122.9492 0 0 0 1</matrix>
                    <instance_node url="#ID133" />
                </node>
                <node id="ID245" name="instance_37">
                    <matrix>0.1685286 0.9767413 -0.1325694 -7.53861 -0.9414431 0.1196537 -0.3152268 732.8921 -0.2920327 0.1779313 0.9397113 62.87989 0 0 0 1</matrix>
                    <instance_node url="#ID106" />
                </node>
                <node id="ID246" name="instance_38">
                    <matrix>0.3899787 0.8716006 -0.2970338 -5.019317 0.8586009 -0.4607536 -0.2247456 737.0542 0.3327477 0.1673875 0.9280411 158.7214 0 0 0 1</matrix>
                    <instance_node url="#ID224" />
                </node>
                <node id="ID247" name="instance_39">
                    <matrix>-0.9038148 0.1671678 0.3939209 6.280233 0.2188534 0.9716153 0.08981547 712.6707 0.3677254 -0.1673875 0.9147456 148.8463 0 0 0 1</matrix>
                    <instance_node url="#ID224" />
                </node>
                <node id="ID248" name="instance_40">
                    <matrix>0.179322 -0.9620946 -0.2054693 24.98356 -0.981189 -0.1900821 0.03371886 737.3312 0.07149677 -0.1955577 0.9780825 90.77099 0 0 0 1</matrix>
                    <instance_node url="#ID224" />
                </node>
                <node id="ID249" name="instance_41">
                    <matrix>0.7626683 -0.6467898 -6.591949e-017 10.18291 0.5479098 0.6460731 -0.5313986 728.8012 0.3437032 0.4052809 0.8471219 252.9115 0 0 0 1</matrix>
                    <instance_node url="#ID118" />
                </node>
                <node id="ID250" name="instance_42">
                    <matrix>-0.6439645 -0.5548556 0.5267305 10.70478 0.6835041 -0.7265554 0.07028086 731.1657 0.3437032 0.4052809 0.8471219 232.7599 0 0 0 1</matrix>
                    <instance_node url="#ID118" />
                </node>
                <node id="ID251" name="instance_43">
                    <matrix>-0.4161681 0.8743944 -0.2494765 7.970989 -0.8418267 -0.2667992 0.4691971 730.7479 0.3437032 0.4052809 0.8471219 223.7725 0 0 0 1</matrix>
                    <instance_node url="#ID118" />
                </node>
                <node id="ID252" name="instance_44">
                    <matrix>0.09353017 0.86096 0.5 8.386162 -0.994151 0.1079993 1.179612e-016 732.7819 -0.05399967 -0.4970755 0.8660254 345.3322 0 0 0 1</matrix>
                    <instance_node url="#ID33" />
                </node>
                <node id="ID253" name="instance_45">
                    <matrix>-0.09353017 -0.86096 -0.5 11.67386 0.994151 -0.1079993 -1.040834e-016 729.1787 -0.05399967 -0.4970755 0.8660254 336.7925 0 0 0 1</matrix>
                    <instance_node url="#ID33" />
                </node>
                <node id="ID254" name="instance_46">
                    <matrix>-0.994151 0.1079993 9.714451e-017 12.014 -0.09353017 -0.86096 -0.5 732.9615 -0.05399967 -0.4970755 0.8660254 345.3322 0 0 0 1</matrix>
                    <instance_node url="#ID33" />
                </node>
                <node id="ID255" name="instance_47">
                    <matrix>0.997533 -0.06581271 0.02442488 8.447809 0.04485446 0.8652079 0.4994031 729.2251 -0.05399967 -0.4970755 0.8660254 345.3322 0 0 0 1</matrix>
                    <instance_node url="#ID33" />
                </node>
                <node id="ID256" name="instance_48">
                    <matrix>-0.8895367 0.4296347 0.1553659 8.794904 -0.3009861 -0.8069458 0.508179 731.7395 0.3437032 0.4052809 0.8471219 250.3017 0 0 0 1</matrix>
                    <instance_node url="#ID118" />
                </node>
                <node id="ID257" name="instance_49">
                    <matrix>0.9293047 -0.2716944 -0.2501497 12.58963 0.2996808 0.9506093 0.08082993 713.2335 0.2158336 -0.1500807 0.9648273 162.5406 0 0 0 1</matrix>
                    <instance_node url="#ID112" />
                </node>
                <node id="ID258" name="instance_50">
                    <matrix>-0.7265747 -0.6870875 -3.469447e-018 21.1865 -0.6870875 0.7265747 2.94903e-017 719.2086 1.77416e-017 -2.381072e-017 1 116.5573 0 0 0 1</matrix>
                    <instance_node url="#ID133" />
                </node>
                <node id="ID259" name="instance_51">
                    <matrix>1.768921 0 0 -8.37655 0 1.653472 0 712.7092 0 0 4.554421 -0.512893 0 0 0 1</matrix>
                    <instance_node url="#ID260" />
                </node>
            </node>
        </visual_scene>
    </library_visual_scenes>
    <library_nodes>
        <node id="ID3" name="Component_4">
            <instance_geometry url="#ID4">
                <bind_material>
                    <technique_common>
                        <instance_material symbol="Material2" target="#ID5">
                            <bind_vertex_input semantic="UVSET0" input_semantic="TEXCOORD" input_set="0" />
                        </instance_material>
                        <instance_material symbol="Material3" target="#ID10">
                            <bind_vertex_input semantic="UVSET0" input_semantic="TEXCOORD" input_set="0" />
                        </instance_material>
                        <instance_material symbol="Material4" target="#ID12">
                            <bind_vertex_input semantic="UVSET0" input_semantic="TEXCOORD" input_set="0" />
                        </instance_material>
                    </technique_common>
                </bind_material>
            </instance_geometry>
        </node>
        <node id="ID17" name="Component_3">
            <instance_geometry url="#ID18">
                <bind_material>
                    <technique_common>
                        <instance_material symbol="Material2" target="#ID5">
                            <bind_vertex_input semantic="UVSET0" input_semantic="TEXCOORD" input_set="0" />
                        </instance_material>
                        <instance_material symbol="Material3" target="#ID10">
                            <bind_vertex_input semantic="UVSET0" input_semantic="TEXCOORD" input_set="0" />
                        </instance_material>
                        <instance_material symbol="Material4" target="#ID12">
                            <bind_vertex_input semantic="UVSET0" input_semantic="TEXCOORD" input_set="0" />
                        </instance_material>
                    </technique_common>
                </bind_material>
            </instance_geometry>
        </node>
        <node id="ID25" name="Component_2">
            <instance_geometry url="#ID26">
                <bind_material>
                    <technique_common>
                        <instance_material symbol="Material2" target="#ID5">
                            <bind_vertex_input semantic="UVSET0" input_semantic="TEXCOORD" input_set="0" />
                        </instance_material>
                        <instance_material symbol="Material3" target="#ID10">
                            <bind_vertex_input semantic="UVSET0" input_semantic="TEXCOORD" input_set="0" />
                        </instance_material>
                        <instance_material symbol="Material4" target="#ID12">
                            <bind_vertex_input semantic="UVSET0" input_semantic="TEXCOORD" input_set="0" />
                        </instance_material>
                    </technique_common>
                </bind_material>
            </instance_geometry>
        </node>
        <node id="ID33" name="Component_1">
            <instance_geometry url="#ID95">
                <bind_material>
                    <technique_common>
                        <instance_material symbol="Material2" target="#ID5">
                            <bind_vertex_input semantic="UVSET0" input_semantic="TEXCOORD" input_set="0" />
                        </instance_material>
                        <instance_material symbol="Material3" target="#ID10">
                            <bind_vertex_input semantic="UVSET0" input_semantic="TEXCOORD" input_set="0" />
                        </instance_material>
                        <instance_material symbol="Material4" target="#ID12">
                            <bind_vertex_input semantic="UVSET0" input_semantic="TEXCOORD" input_set="0" />
                        </instance_material>
                    </technique_common>
                </bind_material>
            </instance_geometry>
            <instance_geometry url="#ID101">
                <bind_material>
                    <technique_common>
                        <instance_material symbol="Material2" target="#ID10">
                            <bind_vertex_input semantic="UVSET0" input_semantic="TEXCOORD" input_set="0" />
                        </instance_material>
                    </technique_common>
                </bind_material>
            </instance_geometry>
            <node id="ID34" name="instance_4">
                <matrix>0.9659258 -0.2014241 -0.1625288 -14.06451 9.714451e-017 0.6279631 -0.7782431 2.550287 0.258819 0.7517252 0.6065657 65.66576 0 0 0 1</matrix>
                <instance_node url="#ID35" />
            </node>
            <node id="ID90" name="instance_5">
                <matrix>0.6238796 0.3907602 0.6768166 -8.296756 2.498002e-016 0.8660254 -0.5 2.284401 -0.7815205 0.3119398 0.5402956 65.89868 0 0 0 1</matrix>
                <instance_node url="#ID35" />
            </node>
            <node id="ID91" name="instance_6">
                <matrix>0.6156615 -0.3940054 -0.6824373 -8.235234 8.326673e-017 0.8660254 -0.5 2.284401 0.7880108 0.3078307 0.5331785 43.69574 0 0 0 1</matrix>
                <instance_node url="#ID35" />
            </node>
            <node id="ID92" name="instance_7">
                <matrix>0.8660254 0.1294095 0.4829629 -12.39817 6.938894e-017 0.9659258 -0.258819 2.591808 -0.5 0.2241439 0.8365163 79.50443 0 0 0 1</matrix>
                <instance_node url="#ID35" />
            </node>
            <node id="ID93" name="instance_8">
                <matrix>0.6156615 -0.3940054 -0.6824373 -8.235234 8.326673e-017 0.8660254 -0.5 2.284401 0.7880108 0.3078307 0.5331785 14.91621 0 0 0 1</matrix>
                <instance_node url="#ID35" />
            </node>
            <node id="ID94" name="instance_9">
                <matrix>0.6238796 0.3907602 0.6768166 -8.296756 2.498002e-016 0.8660254 -0.5 2.284401 -0.7815205 0.3119398 0.5402956 31.72545 0 0 0 1</matrix>
                <instance_node url="#ID35" />
            </node>
        </node>
        <node id="ID35" name="low_res_leaf_n_twig">
            <instance_geometry url="#ID36">
                <bind_material>
                    <technique_common>
                        <instance_material symbol="Material2" target="#ID37">
                            <bind_vertex_input semantic="UVSET0" input_semantic="TEXCOORD" input_set="0" />
                        </instance_material>
                        <instance_material symbol="Material3" target="#ID42">
                            <bind_vertex_input semantic="UVSET0" input_semantic="TEXCOORD" input_set="0" />
                        </instance_material>
                        <instance_material symbol="Material4" target="#ID10">
                            <bind_vertex_input semantic="UVSET0" input_semantic="TEXCOORD" input_set="0" />
                        </instance_material>
                        <instance_material symbol="Material5" target="#ID44">
                            <bind_vertex_input semantic="UVSET0" input_semantic="TEXCOORD" input_set="0" />
                        </instance_material>
                    </technique_common>
                </bind_material>
            </instance_geometry>
            <instance_geometry url="#ID48">
                <bind_material>
                    <technique_common>
                        <instance_material symbol="Material2" target="#ID42">
                            <bind_vertex_input semantic="UVSET0" input_semantic="TEXCOORD" input_set="0" />
                        </instance_material>
                        <instance_material symbol="Material3" target="#ID10">
                            <bind_vertex_input semantic="UVSET0" input_semantic="TEXCOORD" input_set="0" />
                        </instance_material>
                        <instance_material symbol="Material4" target="#ID44">
                            <bind_vertex_input semantic="UVSET0" input_semantic="TEXCOORD" input_set="0" />
                        </instance_material>
                    </technique_common>
                </bind_material>
            </instance_geometry>
            <instance_geometry url="#ID54">
                <bind_material>
                    <technique_common>
                        <instance_material symbol="Material2" target="#ID42">
                            <bind_vertex_input semantic="UVSET0" input_semantic="TEXCOORD" input_set="0" />
                        </instance_material>
                        <instance_material symbol="Material3" target="#ID59">
                            <bind_vertex_input semantic="UVSET0" input_semantic="TEXCOORD" input_set="0" />
                        </instance_material>
                        <instance_material symbol="Material4" target="#ID44">
                            <bind_vertex_input semantic="UVSET0" input_semantic="TEXCOORD" input_set="0" />
                        </instance_material>
                    </technique_common>
                </bind_material>
            </instance_geometry>
            <instance_geometry url="#ID62">
                <bind_material>
                    <technique_common>
                        <instance_material symbol="Material2" target="#ID37">
                            <bind_vertex_input semantic="UVSET0" input_semantic="TEXCOORD" input_set="0" />
                        </instance_material>
                        <instance_material symbol="Material3" target="#ID42">
                            <bind_vertex_input semantic="UVSET0" input_semantic="TEXCOORD" input_set="0" />
                        </instance_material>
                        <instance_material symbol="Material4" target="#ID10">
                            <bind_vertex_input semantic="UVSET0" input_semantic="TEXCOORD" input_set="0" />
                        </instance_material>
                        <instance_material symbol="Material5" target="#ID44">
                            <bind_vertex_input semantic="UVSET0" input_semantic="TEXCOORD" input_set="0" />
                        </instance_material>
                    </technique_common>
                </bind_material>
            </instance_geometry>
            <instance_geometry url="#ID68">
                <bind_material>
                    <technique_common>
                        <instance_material symbol="Material2" target="#ID37">
                            <bind_vertex_input semantic="UVSET0" input_semantic="TEXCOORD" input_set="0" />
                        </instance_material>
                        <instance_material symbol="Material3" target="#ID42">
                            <bind_vertex_input semantic="UVSET0" input_semantic="TEXCOORD" input_set="0" />
                        </instance_material>
                        <instance_material symbol="Material4" target="#ID10">
                            <bind_vertex_input semantic="UVSET0" input_semantic="TEXCOORD" input_set="0" />
                        </instance_material>
                        <instance_material symbol="Material5" target="#ID44">
                            <bind_vertex_input semantic="UVSET0" input_semantic="TEXCOORD" input_set="0" />
                        </instance_material>
                    </technique_common>
                </bind_material>
            </instance_geometry>
            <instance_geometry url="#ID74">
                <bind_material>
                    <technique_common>
                        <instance_material symbol="Material2" target="#ID44">
                            <bind_vertex_input semantic="UVSET0" input_semantic="TEXCOORD" input_set="0" />
                        </instance_material>
                    </technique_common>
                </bind_material>
            </instance_geometry>
            <instance_geometry url="#ID78">
                <bind_material>
                    <technique_common>
                        <instance_material symbol="Material2" target="#ID10">
                            <bind_vertex_input semantic="UVSET0" input_semantic="TEXCOORD" input_set="0" />
                        </instance_material>
                    </technique_common>
                </bind_material>
            </instance_geometry>
            <instance_geometry url="#ID82">
                <bind_material>
                    <technique_common>
                        <instance_material symbol="Material2" target="#ID10">
                            <bind_vertex_input semantic="UVSET0" input_semantic="TEXCOORD" input_set="0" />
                        </instance_material>
                    </technique_common>
                </bind_material>
            </instance_geometry>
            <instance_geometry url="#ID86">
                <bind_material>
                    <technique_common>
                        <instance_material symbol="Material2" target="#ID10">
                            <bind_vertex_input semantic="UVSET0" input_semantic="TEXCOORD" input_set="0" />
                        </instance_material>
                    </technique_common>
                </bind_material>
            </instance_geometry>
        </node>
        <node id="ID106" name="Component_6">
            <node id="ID107" name="instance_11">
                <matrix>0.6592643 0.5562956 0.5058713 48.10568 -0.441339 0.8309845 -0.3386513 14.99199 -0.6087614 6.938894e-016 0.7933533 45.40025 0 0 0 1</matrix>
                <instance_node url="#ID17" />
            </node>
            <node id="ID108" name="instance_12">
                <matrix>0.6087614 -4.709228e-017 0.7933533 1.776357e-014 2.220446e-016 1 -1.110223e-016 9.68336 -0.7933533 2.437459e-016 0.6087614 10.8016 0 0 0 1</matrix>
                <instance_node url="#ID3" />
            </node>
            <node id="ID109" name="instance_13">
                <matrix>-0.3222657 0.8906841 0.320666 114.6646 -0.9466493 -0.3032136 -0.1091636 -11.22257 8.326673e-017 -0.3387379 0.9408808 150.6753 0 0 0 1</matrix>
                <instance_node url="#ID33" />
            </node>
            <node id="ID110" name="instance_14">
                <matrix>0.8427193 0.3222657 0.4312412 83.15866 -0.286885 0.9466493 -0.1468065 -6.857192 -0.4555449 -2.220446e-016 0.8902128 94.1854 0 0 0 1</matrix>
                <instance_node url="#ID25" />
            </node>
            <node id="ID111" name="instance_15">
                <matrix>0.9528363 -0.3014144 0.03538841 56.32387 0.2987914 0.9521294 0.064601 -0.2525627 -0.05316601 -0.05098042 0.9972835 39.35895 0 0 0 1</matrix>
                <instance_node url="#ID112" />
            </node>
            <node id="ID127" name="instance_29">
                <matrix>0.3627783 0.9183574 -0.1581507 84.52517 -0.9256118 0.3747568 0.0529165 -4.257478 0.1078643 0.1271892 0.985996 89.5958 0 0 0 1</matrix>
                <instance_node url="#ID118" />
            </node>
            <node id="ID128" name="instance_30">
                <matrix>0.9403254 0.07359807 0.3322221 42.40781 -0.340109 0.1726416 0.9244029 19.62991 0.01067893 -0.9822312 0.1873706 39.73747 0 0 0 1</matrix>
                <instance_node url="#ID33" />
            </node>
            <node id="ID129" name="instance_31">
                <matrix>-0.4552812 0.3893054 0.8007249 29.04965 -0.8902837 -0.2098446 -0.4041785 19.85572 0.01067893 -0.8968871 0.4421305 19.83229 0 0 0 1</matrix>
                <instance_node url="#ID33" />
            </node>
            <node id="ID130" name="instance_32">
                <matrix>-0.1163988 0.1848864 0.9758424 82.7078 -0.9931451 -0.03223067 -0.1123562 26.41391 0.01067893 -0.9822312 0.1873706 60.10602 0 0 0 1</matrix>
                <instance_node url="#ID33" />
            </node>
        </node>
        <node id="ID112" name="Component_7">
            <node id="ID113" name="instance_16">
                <matrix>0.4694146 0.1573082 0.8688522 -0.6898104 -0.1364005 0.9851093 -0.1046638 12.58099 -0.8723789 -0.06938118 0.4838816 9.432503 0 0 0 1</matrix>
                <instance_node url="#ID17" />
            </node>
            <node id="ID114" name="instance_17">
                <matrix>0.0813347 0.7207637 0.6883925 107.1878 -0.9960411 0.08363893 0.03011187 15.57999 -0.03587288 -0.6881164 0.724713 76.91265 0 0 0 1</matrix>
                <instance_node url="#ID33" />
            </node>
            <node id="ID115" name="instance_18">
                <matrix>0.6274512 -0.0813347 0.7743963 56.41846 0.07913484 0.9960411 0.04049534 6.806707 -0.7746242 0.03587288 0.6314036 37.56421 0 0 0 1</matrix>
                <instance_node url="#ID25" />
            </node>
            <node id="ID116" name="instance_19">
                <matrix>0.6775306 0.4613627 0.5727974 66.34841 -0.7312621 0.3391274 0.5918178 12.21354 0.07879136 -0.8198397 0.5671462 45.51896 0 0 0 1</matrix>
                <instance_node url="#ID33" />
            </node>
            <node id="ID117" name="instance_20">
                <matrix>0.3740409 0.9030145 -0.2113248 54.55157 -0.9238795 0.3826834 9.367507e-017 11.98286 0.0808705 0.1952387 0.9774159 30.67195 0 0 0 1</matrix>
                <instance_node url="#ID118" />
            </node>
            <node id="ID124" name="instance_26">
                <matrix>-0.5803473 0.5908649 0.5604245 86.29751 -0.8120253 -0.3676855 -0.4532354 14.32468 -0.06174094 -0.7181128 0.6931826 59.60546 0 0 0 1</matrix>
                <instance_node url="#ID33" />
            </node>
            <node id="ID125" name="instance_27">
                <matrix>0.0813347 0.2395663 0.9674671 49.68856 -0.9960411 0.0544741 0.0702479 13.61449 -0.03587288 -0.9693506 0.2430485 34.01388 0 0 0 1</matrix>
                <instance_node url="#ID33" />
            </node>
            <node id="ID126" name="instance_28">
                <matrix>0.3402155 0.3743893 0.8626043 104.4312 -0.9235937 -0.03934855 0.3813481 15.00488 0.1767149 -0.9264364 0.3323966 74.67209 0 0 0 1</matrix>
                <instance_node url="#ID33" />
            </node>
        </node>
        <node id="ID118" name="Component_8">
            <node id="ID119" name="instance_21">
                <matrix>0.8702782 0.238826 0.4307877 53.5774 -0.4897813 0.5123639 0.7054059 24.28689 -0.05225076 -0.8248911 0.5628716 33.9359 0 0 0 1</matrix>
                <instance_node url="#ID33" />
            </node>
            <node id="ID120" name="instance_22">
                <matrix>0.4038705 -0.3729594 0.8353382 1.861996 0.2127822 0.9263753 0.3107291 -0.6802026 -0.889726 0.05225076 0.4534948 6.204929 0 0 0 1</matrix>
                <instance_node url="#ID25" />
            </node>
            <node id="ID121" name="instance_23">
                <matrix>0.08755326 0.5576872 0.8254208 54.68323 -0.9947886 0.0924101 0.04308233 25.75225 -0.05225076 -0.8248911 0.5628716 33.9359 0 0 0 1</matrix>
                <instance_node url="#ID33" />
            </node>
            <node id="ID122" name="instance_24">
                <matrix>-0.576645 0.4851003 0.6573875 41.84885 -0.8153223 -0.2902281 -0.5010162 19.72123 -0.05225076 -0.8248911 0.5628716 26.28781 0 0 0 1</matrix>
                <instance_node url="#ID33" />
            </node>
            <node id="ID123" name="instance_25">
                <matrix>-0.005522234 0.2840103 0.9588053 6.439743 -0.9985737 0.04935253 -0.02037012 8.563219 -0.05310479 -0.9575503 0.2833326 8.311569 0 0 0 1</matrix>
                <instance_node url="#ID33" />
            </node>
        </node>
        <node id="ID133" name="Component_6">
            <node id="ID134" name="instance_11">
                <matrix>0.6592643 0.5562956 0.5058713 48.10568 -0.441339 0.8309845 -0.3386513 14.99199 -0.6087614 6.938894e-016 0.7933533 45.40025 0 0 0 1</matrix>
                <instance_node url="#ID135" />
            </node>
            <node id="ID142" name="instance_12">
                <matrix>0.6087614 -4.709228e-017 0.7933533 1.776357e-014 2.220446e-016 1 -1.110223e-016 9.68336 -0.7933533 2.437459e-016 0.6087614 10.8016 0 0 0 1</matrix>
                <instance_node url="#ID143" />
            </node>
            <node id="ID150" name="instance_13">
                <matrix>-0.3222657 0.8906841 0.320666 114.6646 -0.9466493 -0.3032136 -0.1091636 -11.22257 8.326673e-017 -0.3387379 0.9408808 150.6753 0 0 0 1</matrix>
                <instance_node url="#ID151" />
            </node>
            <node id="ID215" name="instance_14">
                <matrix>0.8427193 0.3222657 0.4312412 83.15866 -0.286885 0.9466493 -0.1468065 -6.857192 -0.4555449 -2.220446e-016 0.8902128 94.1854 0 0 0 1</matrix>
                <instance_node url="#ID216" />
            </node>
            <node id="ID223" name="instance_15">
                <matrix>0.9528363 -0.3014144 0.03538841 56.32387 0.2987914 0.9521294 0.064601 -0.2525627 -0.05316601 -0.05098042 0.9972835 39.35895 0 0 0 1</matrix>
                <instance_node url="#ID224" />
            </node>
            <node id="ID239" name="instance_29">
                <matrix>0.3627783 0.9183574 -0.1581507 84.52517 -0.9256118 0.3747568 0.0529165 -4.257478 0.1078643 0.1271892 0.985996 89.5958 0 0 0 1</matrix>
                <instance_node url="#ID230" />
            </node>
            <node id="ID240" name="instance_30">
                <matrix>0.9403254 0.07359807 0.3322221 42.40781 -0.340109 0.1726416 0.9244029 19.62991 0.01067893 -0.9822312 0.1873706 39.73747 0 0 0 1</matrix>
                <instance_node url="#ID151" />
            </node>
            <node id="ID241" name="instance_31">
                <matrix>-0.4552812 0.3893054 0.8007249 29.04965 -0.8902837 -0.2098446 -0.4041785 19.85572 0.01067893 -0.8968871 0.4421305 19.83229 0 0 0 1</matrix>
                <instance_node url="#ID151" />
            </node>
            <node id="ID242" name="instance_32">
                <matrix>-0.1163988 0.1848864 0.9758424 82.7078 -0.9931451 -0.03223067 -0.1123562 26.41391 0.01067893 -0.9822312 0.1873706 60.10602 0 0 0 1</matrix>
                <instance_node url="#ID151" />
            </node>
        </node>
        <node id="ID135" name="Component_3">
            <instance_geometry url="#ID136">
                <bind_material>
                    <technique_common>
                        <instance_material symbol="Material2" target="#ID5">
                            <bind_vertex_input semantic="UVSET0" input_semantic="TEXCOORD" input_set="0" />
                        </instance_material>
                        <instance_material symbol="Material3" target="#ID10">
                            <bind_vertex_input semantic="UVSET0" input_semantic="TEXCOORD" input_set="0" />
                        </instance_material>
                        <instance_material symbol="Material4" target="#ID12">
                            <bind_vertex_input semantic="UVSET0" input_semantic="TEXCOORD" input_set="0" />
                        </instance_material>
                    </technique_common>
                </bind_material>
            </instance_geometry>
        </node>
        <node id="ID143" name="Component_4">
            <instance_geometry url="#ID144">
                <bind_material>
                    <technique_common>
                        <instance_material symbol="Material2" target="#ID5">
                            <bind_vertex_input semantic="UVSET0" input_semantic="TEXCOORD" input_set="0" />
                        </instance_material>
                        <instance_material symbol="Material3" target="#ID10">
                            <bind_vertex_input semantic="UVSET0" input_semantic="TEXCOORD" input_set="0" />
                        </instance_material>
                        <instance_material symbol="Material4" target="#ID12">
                            <bind_vertex_input semantic="UVSET0" input_semantic="TEXCOORD" input_set="0" />
                        </instance_material>
                    </technique_common>
                </bind_material>
            </instance_geometry>
        </node>
        <node id="ID151" name="Component_1">
            <instance_geometry url="#ID205">
                <bind_material>
                    <technique_common>
                        <instance_material symbol="Material2" target="#ID5">
                            <bind_vertex_input semantic="UVSET0" input_semantic="TEXCOORD" input_set="0" />
                        </instance_material>
                        <instance_material symbol="Material3" target="#ID10">
                            <bind_vertex_input semantic="UVSET0" input_semantic="TEXCOORD" input_set="0" />
                        </instance_material>
                        <instance_material symbol="Material4" target="#ID12">
                            <bind_vertex_input semantic="UVSET0" input_semantic="TEXCOORD" input_set="0" />
                        </instance_material>
                    </technique_common>
                </bind_material>
            </instance_geometry>
            <instance_geometry url="#ID211">
                <bind_material>
                    <technique_common>
                        <instance_material symbol="Material2" target="#ID10">
                            <bind_vertex_input semantic="UVSET0" input_semantic="TEXCOORD" input_set="0" />
                        </instance_material>
                    </technique_common>
                </bind_material>
            </instance_geometry>
            <node id="ID152" name="instance_4">
                <matrix>0.9659258 -0.2014241 -0.1625288 -14.06451 9.714451e-017 0.6279631 -0.7782431 2.550287 0.258819 0.7517252 0.6065657 65.66576 0 0 0 1</matrix>
                <instance_node url="#ID153" />
            </node>
            <node id="ID200" name="instance_5">
                <matrix>0.6238796 0.3907602 0.6768166 -8.296756 2.498002e-016 0.8660254 -0.5 2.284401 -0.7815205 0.3119398 0.5402956 65.89868 0 0 0 1</matrix>
                <instance_node url="#ID153" />
            </node>
            <node id="ID201" name="instance_6">
                <matrix>0.6156615 -0.3940054 -0.6824373 -8.235234 8.326673e-017 0.8660254 -0.5 2.284401 0.7880108 0.3078307 0.5331785 43.69574 0 0 0 1</matrix>
                <instance_node url="#ID153" />
            </node>
            <node id="ID202" name="instance_7">
                <matrix>0.8660254 0.1294095 0.4829629 -12.39817 6.938894e-017 0.9659258 -0.258819 2.591808 -0.5 0.2241439 0.8365163 79.50443 0 0 0 1</matrix>
                <instance_node url="#ID153" />
            </node>
            <node id="ID203" name="instance_8">
                <matrix>0.6156615 -0.3940054 -0.6824373 -8.235234 8.326673e-017 0.8660254 -0.5 2.284401 0.7880108 0.3078307 0.5331785 14.91621 0 0 0 1</matrix>
                <instance_node url="#ID153" />
            </node>
            <node id="ID204" name="instance_9">
                <matrix>0.6238796 0.3907602 0.6768166 -8.296756 2.498002e-016 0.8660254 -0.5 2.284401 -0.7815205 0.3119398 0.5402956 31.72545 0 0 0 1</matrix>
                <instance_node url="#ID153" />
            </node>
        </node>
        <node id="ID153" name="low_res_leaf_n_twig">
            <instance_geometry url="#ID154">
                <bind_material>
                    <technique_common>
                        <instance_material symbol="Material2" target="#ID37">
                            <bind_vertex_input semantic="UVSET0" input_semantic="TEXCOORD" input_set="0" />
                        </instance_material>
                        <instance_material symbol="Material3" target="#ID42">
                            <bind_vertex_input semantic="UVSET0" input_semantic="TEXCOORD" input_set="0" />
                        </instance_material>
                        <instance_material symbol="Material4" target="#ID10">
                            <bind_vertex_input semantic="UVSET0" input_semantic="TEXCOORD" input_set="0" />
                        </instance_material>
                        <instance_material symbol="Material5" target="#ID44">
                            <bind_vertex_input semantic="UVSET0" input_semantic="TEXCOORD" input_set="0" />
                        </instance_material>
                    </technique_common>
                </bind_material>
            </instance_geometry>
            <instance_geometry url="#ID160">
                <bind_material>
                    <technique_common>
                        <instance_material symbol="Material2" target="#ID42">
                            <bind_vertex_input semantic="UVSET0" input_semantic="TEXCOORD" input_set="0" />
                        </instance_material>
                        <instance_material symbol="Material3" target="#ID10">
                            <bind_vertex_input semantic="UVSET0" input_semantic="TEXCOORD" input_set="0" />
                        </instance_material>
                        <instance_material symbol="Material4" target="#ID44">
                            <bind_vertex_input semantic="UVSET0" input_semantic="TEXCOORD" input_set="0" />
                        </instance_material>
                    </technique_common>
                </bind_material>
            </instance_geometry>
            <instance_geometry url="#ID166">
                <bind_material>
                    <technique_common>
                        <instance_material symbol="Material2" target="#ID42">
                            <bind_vertex_input semantic="UVSET0" input_semantic="TEXCOORD" input_set="0" />
                        </instance_material>
                        <instance_material symbol="Material3" target="#ID59">
                            <bind_vertex_input semantic="UVSET0" input_semantic="TEXCOORD" input_set="0" />
                        </instance_material>
                        <instance_material symbol="Material4" target="#ID44">
                            <bind_vertex_input semantic="UVSET0" input_semantic="TEXCOORD" input_set="0" />
                        </instance_material>
                    </technique_common>
                </bind_material>
            </instance_geometry>
            <instance_geometry url="#ID172">
                <bind_material>
                    <technique_common>
                        <instance_material symbol="Material2" target="#ID37">
                            <bind_vertex_input semantic="UVSET0" input_semantic="TEXCOORD" input_set="0" />
                        </instance_material>
                        <instance_material symbol="Material3" target="#ID42">
                            <bind_vertex_input semantic="UVSET0" input_semantic="TEXCOORD" input_set="0" />
                        </instance_material>
                        <instance_material symbol="Material4" target="#ID10">
                            <bind_vertex_input semantic="UVSET0" input_semantic="TEXCOORD" input_set="0" />
                        </instance_material>
                        <instance_material symbol="Material5" target="#ID44">
                            <bind_vertex_input semantic="UVSET0" input_semantic="TEXCOORD" input_set="0" />
                        </instance_material>
                    </technique_common>
                </bind_material>
            </instance_geometry>
            <instance_geometry url="#ID178">
                <bind_material>
                    <technique_common>
                        <instance_material symbol="Material2" target="#ID37">
                            <bind_vertex_input semantic="UVSET0" input_semantic="TEXCOORD" input_set="0" />
                        </instance_material>
                        <instance_material symbol="Material3" target="#ID42">
                            <bind_vertex_input semantic="UVSET0" input_semantic="TEXCOORD" input_set="0" />
                        </instance_material>
                        <instance_material symbol="Material4" target="#ID10">
                            <bind_vertex_input semantic="UVSET0" input_semantic="TEXCOORD" input_set="0" />
                        </instance_material>
